100
350 901 1
849 647 7
490 223 7
742 210 4
72 355 7
990 20 10
630 275 2
97 770 3
357 603 5
341 637 1
992 640 7
467 991 7
849 936 9
342 471 3
912 728 1
143 804 4
800 443 8
444 246 5
843 209 1
502 749 6
569 251 5
181 278 7
100 688 10
248 521 3
893 836 5
283 928 2
170 44 2
846 240 4
710 902 6
796 594 5
17 900 4
29 541 5
596 798 8
385 397 6
482 142 1
590 992 4
965 601 5
464 209 8
455 777 8
850 611 5
365 403 6
837 380 5
263 445 7
829 937 2
782 196 3
232 691 7
880 275 4
469 315 4
374 936 4
312 786 4
119 316 4
627 730 7
229 416 2
396 159 5
11 660 8
984 152 2
522 628 1
512 794 9
883 842 6
16 781 3
853 836 2
731 171 3
938 941 7
701 917 2
470 376 7
129 270 10
402 441 3
440 394 6
364 315 6
281 354 9
202 156 3
937 517 5
757 540 8
514 795 3
389 15 2
463 603 10
291 103 6
7 779 6
153 191 5
246 382 3
313 664 6
742 911 7
262 485 9
481 628 8
424 188 7
398 627 8
903 316 10
546 136 1
111 674 2
49 697 10
352 75 8
692 168 3
471 262 9
41 235 3
436 912 7
233 473 1
8 742 7
559 41 3
852 616 4
110 882 1
228 633 8
577 84 3
726 968 7
359 356 9
23 43 5
296 574 4
489 756 10
277 251 3
944 907 6
585 649 9
620 414 3
496 108 2
822 117 10
828 26 10
203 507 10
698 590 6
30 17 5
227 166 9
697 811 9
81 1 6
351 221 4
441 752 6
801 679 6
902 164 6
830 680 8
284 337 3
794 402 8
171 630 10
613 726 9
690 545 5
175 872 1
328 782 6
794 694 4
154 401 4
68 711 3
21 879 3
142 937 1
477 897 7
702 980 1
855 482 9
417 965 5
110 482 4
194 944 7
652 658 9
970 241 10
13 142 5
983 369 8
796 253 3
741 788 6
178 758 1
584 101 2
124 629 4
161 306 6
319 950 5
190 472 5
600 279 4
361 519 8
50 3 8
980 508 9
408 68 8
356 599 8
533 529 3
20 843 10
856 937 10
543 504 3
590 184 1
284 640 6
739 33 6
815 845 6
78 907 3
711 38 10
175 664 7
20 156 9
522 166 5
690 479 1
175 827 8
145 67 8
931 801 2
213 199 5
449 535 9
900 381 2
597 968 7
930 761 1
581 35 10
130 939 3
422 740 8
419 274 3
166 432 10
137 56 8
43 464 6
579 581 6
764 801 4
591 927 10
726 106 4
699 992 6
685 413 2
744 972 2
865 368 3
747 771 5
242 605 4
941 329 3
236 523 10
332 184 6
287 998 7
393 655 1
201 906 10
689 305 5
704 972 1
880 474 7
888 733 2
84 567 5
517 504 9
506 337 2
460 56 2
90 678 5
109 368 6
310 22 10
723 550 6
439 328 6
247 871 3
760 450 3
89 95 9
5 341 10
349 225 5
464 164 8
26 330 7
500 719 4
650 414 10
130 568 4
204 922 7
111 670 4
483 434 5
893 345 2
664 969 9
288 293 6
772 675 5
111 567 8
373 266 3
129 852 2
167 359 6
299 772 4
927 749 1
729 508 4
840 799 10
44 653 1
959 479 3
110 318 5
45 988 7
323 732 8
430 112 7
923 899 2
133 45 3
528 77 8
315 999 4
479 230 10
811 810 2
367 423 6
902 226 1
73 476 1
353 18 3
433 529 7
896 376 4
526 245 9
1000 477 7
286 8 10
13 883 4
441 471 4
580 407 10
36 622 6
956 796 3
734 972 9
221 143 2
925 149 3
800 60 3
286 748 5
626 395 7
795 863 6
381 514 4
699 245 1
647 553 9
636 354 2
504 674 1
639 702 8
401 865 3
621 476 10
553 373 1
985 720 9
629 337 9
384 774 5
444 145 3
578 500 7
513 910 8
499 528 2
897 496 8
84 850 8
241 711 10
782 902 9
886 800 1
574 446 3
755 172 5
71 677 4
759 516 3
547 824 9
205 857 10
452 16 3
911 668 4
882 719 9
62 754 8
456 342 10
496 313 5
603 514 8
658 482 6
295 15 2
212 79 5
438 407 6
716 806 6
503 961 5
171 859 7
589 756 7
995 464 5
855 240 2
626 636 4
395 225 7
220 820 4
744 467 4
382 817 10
139 169 10
729 997 7
968 311 9
239 471 6
963 732 1
419 356 2
363 226 6
855 462 8
784 394 7
549 430 6
820 406 3
916 128 7
70 200 2
353 905 1
763 554 8
835 804 3
978 753 3
142 416 6
517 194 9
533 960 9
876 21 2
502 384 1
479 889 8
767 667 3
501 623 2
399 47 7
924 271 10
867 947 2
530 1000 7
481 507 8
371 96 8
698 948 3
189 359 8
107 61 6
659 691 3
814 987 4
426 373 4
264 463 4
701 63 2
16 429 5
306 558 1
453 276 9
872 363 9
720 614 7
677 406 5
67 499 6
761 35 2
434 618 1
991 74 7
581 929 9
541 550 5
782 649 6
267 449 1
185 164 1
332 113 5
226 796 2
288 659 9
403 416 2
113 113 3
750 259 5
774 953 10
255 739 8
624 680 8
397 127 4
835 425 5
139 815 10
31 356 4
283 502 7
376 826 9
225 205 3
74 138 7
418 389 3
568 182 8
100 490 8
665 250 8
924 135 5
829 620 5
967 163 5
688 831 7
459 574 9
331 363 6
484 935 8
597 889 1
749 829 9
788 836 8
482 584 10
256 790 8
47 326 1
451 373 3
639 575 3
523 626 6
797 171 3
772 609 7
535 656 10
224 369 9
875 798 1
545 374 2
756 701 2
395 723 4
451 852 7
745 124 2
616 40 7
370 417 10
35 534 8
429 529 2
403 799 8
655 790 2
271 123 9
752 944 8
819 536 7
428 614 2
172 475 3
815 16 5
551 200 8
332 574 5
257 644 4
544 971 5
26 592 5
786 146 9
608 480 6
680 578 6
195 402 3
959 213 9
261 920 10
302 807 3
698 715 7
705 675 3
204 935 8
897 731 6
936 620 7
297 338 3
234 499 8
303 415 5
80 766 10
852 553 9
566 484 10
512 237 4
300 740 6
303 454 9
296 917 4
756 965 8
597 315 1
442 157 1
948 46 1
625 79 8
422 974 2
598 431 10
906 738 8
946 396 6
321 521 7
950 565 9
181 596 2
795 953 4
7 41 5
264 294 8
43 244 3
116 824 10
776 857 4
902 161 7
248 689 7
398 428 4
904 419 3
331 245 7
149 760 6
42 140 7
323 5 10
960 740 4
625 265 3
243 318 4
796 10 10
1 922 8
355 185 8
5 500 2
326 75 2
186 58 3
249 389 7
328 868 4
920 378 4
267 917 5
560 268 9
981 495 4
499 892 10
613 974 3
312 189 8
350 367 2
178 984 6
677 476 4
964 487 4
189 954 6
925 315 10
874 615 8
74 580 4
527 102 6
710 629 5
620 323 7
623 192 8
181 838 9
108 905 3
555 395 4
153 401 5
732 384 9
90 212 4
407 757 7
251 5 2
741 805 5
32 528 10
387 670 7
669 845 6
513 372 1
671 323 4
883 360 10
270 286 9
660 312 9
156 538 5
307 58 4
103 955 10
272 395 4
292 379 6
829 919 5
920 515 2
392 661 4
874 907 7
351 868 9
31 310 2
906 346 1
727 643 6
208 14 5
830 719 2
614 467 10
737 767 3
220 241 10
293 975 9
173 212 9
649 292 4
620 295 5
724 443 4
65 853 5
773 389 5
913 263 9
147 788 7
874 346 9
920 100 7
480 292 2
837 219 3
714 354 5
554 496 10
815 530 9
841 913 10
672 184 9
404 410 4
309 770 2
512 558 3
258 334 5
743 455 8
292 3 9
149 206 1
493 843 8
449 121 5
65 274 3
166 981 8
907 840 2
651 521 4
518 676 3
112 945 7
285 893 8
91 936 6
911 648 3
175 390 6
693 910 10
948 331 8
987 438 1
994 492 1
77 522 1
843 2 1
553 362 6
697 132 3
33 333 6
453 822 9
890 829 10
146 365 1
792 379 6
747 880 2
269 61 4
79 476 1
150 865 5
676 463 7
244 858 3
318 339 9
210 313 8
532 933 9
233 643 4
318 986 4
156 951 8
246 881 8
749 40 10
502 250 6
236 274 8
4 204 4
823 225 10
487 317 10
212 1000 5
275 4 1
308 683 2
685 40 4
603 929 1
801 946 7
640 389 3
766 625 7
351 333 9
504 254 3
379 998 4
367 934 5
194 443 5
742 766 7
893 24 4
791 805 4
274 457 10
190 538 6
122 926 6
316 669 8
230 208 8
356 996 9
269 455 10
303 347 6
174 762 3
331 431 9
962 647 3
416 841 5
486 666 7
475 965 4
772 417 9
622 662 2
902 709 5
871 125 9
749 219 7
375 430 9
372 480 6
575 266 5
463 912 7
413 738 5
389 103 6
377 606 2
955 222 3
321 730 1
674 528 8
623 92 6
770 433 6
624 202 8
45 531 5
772 989 10
143 825 7
658 168 3
518 99 5
926 910 9
122 983 7
789 726 7
587 309 2
967 620 9
439 911 9
650 687 10
346 557 7
118 915 9
42 553 4
904 316 10
583 892 10
942 776 2
599 88 4
685 646 2
213 698 5
394 892 8
945 606 10
763 824 1
679 235 7
222 354 1
653 711 7
19 760 7
492 761 8
259 366 4
929 363 1
592 583 3
106 803 9
577 792 5
478 787 3
363 488 3
542 776 7
369 642 1
740 298 4
985 279 1
439 900 4
626 999 7
545 79 1
409 377 5
495 949 9
593 201 2
24 324 4
53 915 8
686 390 4
334 765 2
702 328 2
109 759 7
609 2 10
930 373 10
368 626 7
324 695 2
240 453 3
428 24 3
747 564 4
614 521 4
232 467 8
503 847 5
389 425 4
76 455 1
148 455 6
743 42 9
425 220 2
461 620 10
492 478 3
468 633 5
709 985 5
145 965 5
810 90 2
19 347 3
334 360 2
963 61 2
856 583 8
405 547 9
226 93 7
261 797 4
434 324 7
326 189 7
656 374 7
26 233 2
759 631 9
621 494 10
953 866 3
692 220 10
888 465 10
574 313 3
790 296 10
259 928 6
218 394 6
291 598 9
654 768 5
558 865 2
943 147 8
773 424 4
695 833 7
856 554 5
753 365 6
107 730 4
958 427 10
835 339 1
289 783 10
810 459 9
449 547 3
292 31 4
582 679 8
982 680 3
249 604 10
820 426 7
720 174 7
514 938 2
451 941 9
242 427 6
200 354 4
320 428 2
3 542 8
582 283 2
726 903 1
837 532 3
260 136 7
929 169 10
429 252 2
29 801 8
290 189 9
121 124 5
411 385 1
914 66 2
617 953 7
383 870 7
22 413 3
5 428 8
893 622 10
327 311 2
503 971 2
565 590 2
967 441 5
662 878 7
860 141 4
826 53 2
898 931 5
710 609 8
667 647 8
741 884 10
973 185 8
830 420 5
178 57 5
814 374 7
536 547 9
665 462 1
783 814 7
527 448 3
547 339 2
181 201 7
247 88 10
90 180 1
709 651 10
358 681 2
106 726 5
181 899 6
220 499 4
186 203 9
515 409 1
328 942 4
425 148 10
219 134 8
552 991 5
223 211 2
397 818 3
564 771 5
156 410 1
104 508 9
252 771 7
228 838 7
734 809 9
239 380 4
17 13 8
117 859 4
959 425 1
33 75 4
2 835 9
467 823 5
660 381 9
573 125 3
52 852 7
237 563 10
672 462 6
704 60 2
128 975 6
696 501 3
294 901 5
760 658 5
634 480 10
44 873 9
820 89 7
67 369 5
813 266 7
678 119 4
389 575 5
868 8 6
12 203 6
900 758 2
91 939 7
216 512 10
268 630 5
543 753 7
173 649 6
723 970 1
189 439 1
223 148 4
933 305 10
786 623 1
690 108 6
420 503 6
687 524 8
16 891 8
521 324 7
404 471 7
338 843 3
931 988 1
432 312 2
523 805 4
225 884 6
310 78 6
404 264 6
979 611 2
347 192 7
526 754 4
42 874 6
825 192 6
604 540 4
996 473 6
533 858 8
749 514 7
916 647 3
813 705 4
857 464 2
724 72 2
235 630 1
682 5 1
80 11 5
717 273 5
260 402 4
431 346 3
835 630 7
226 254 4
785 466 3
261 506 10
308 311 9
165 2 5
941 783 3
70 596 3
444 308 7
234 47 8
538 406 7
442 4 9
831 891 1
119 402 6
891 49 7
41 885 3
290 179 10
520 654 8
750 61 8
145 763 5
805 223 6
293 517 7
631 705 6
320 949 4
243 193 7
342 478 9
328 92 8
927 417 3
805 845 7
247 494 4
815 922 8
755 874 7
342 560 9
416 466 2
933 399 9
852 939 9
74 810 5
105 600 2
921 374 10
81 580 3
45 367 1
142 214 4
676 787 6
132 273 10
629 387 9
536 419 7
730 261 4
778 394 8
258 315 7
841 486 5
251 227 6
971 752 7
543 831 10
73 658 1
673 321 4
359 137 2
307 400 6
37 26 8
50 606 8
941 31 2
957 297 10
118 97 6
949 293 4
484 767 4
665 727 10
516 443 1
778 788 3
660 151 4
363 460 6
341 148 4
234 419 2
656 378 3
253 861 10
74 340 7
436 751 2
1000 636 10
816 891 5
89 295 5
985 712 7
869 174 10
